95   70   0    0    0    0    0    0    
78   65   0    0    0    0    0    0    
80   75   0    0    0    0    0    0    
60   50   76   65   54   65   76   76   
75   53   54   38   76   0    0    0    
84   85   63   64   87   0    0    0    
73   93   53   75   0    0    0    0    
64   0    0    0    0    0    0    0    
54   65   0    0    0    0    0    0    
91   69   0    0    0    0    0    0    
78   72   73   65   76   67   87   76   
75   0    0    0    0    0    0    0    
64   78   65   87   0    0    0    0    
63   0    0    0    0    0    0    0    
38   0    0    0    0    0    0    0    
99   57   75   73   67   87   65   86   
75   87   64   63   76   78   53   75   
73   75   93   74   64   76   65   76   
55   55   51   74   49   0    0    0    
93   0    0    0    0    0    0    0    